0 0.01000000
1 0.010000
2 0.010000
3 0.010000
4 0.010000
5 0.010000
6 0.010000
7 0.005000
8 0.005000
9 0.005000
10 0.005000
11 0.005000
12 0.005000
13 0.002500
14 0.002500
15 0.002500
16 0.002500
17 0.002500
18 0.002500
19 0.002500
20 0.002500
21 0.002500
22 0.002500
23 0.002500
24 0.002500
25 0.002500
26 0.001250
27 0.001250
28 0.001250
29 0.001250
30 0.001250
31 0.001250
32 0.001250
33 0.001250
34 0.001250
35 0.001250
36 0.001250
37 0.001250
38 0.001250
39 0.001250
40 0.001250
41 0.000625
42 0.000625
43 0.000625
44 0.000625
45 0.000625
46 0.000625
47 0.000625
48 0.000313
49 0.000313
50 0.000313
51 0.000313
52 0.000313
53 0.000156
54 0.000156
55 0.000156
56 0.000156
57 0.000156
58 0.000156
59 0.000156
60 0.000078
61 0.000078
62 0.000039
63 0.000039
64 0.000039
65 0.000039
66 0.000039
67 0.000039
68 0.000039
69 0.000039
70 0.000039
71 0.000039
72 0.000039
73 0.000039
74 0.000020
75 0.000020
76 0.000010
77 0.000010
78 0.000005
79 0.000005
80 0.000005
81 0.000005
82 0.000005
83 0.000002
84 0.000002
85 0.000001
86 0.000001
87 0.000001
